# Created by Octave 5.1.0, Sat Jan 11 15:16:02 2020 +06 <sowmik@sowmik-HP-Pavilion-Notebook>
# name: v
# type: matrix
# rows: 5
# columns: 1
 3456
 1243
 1234
 9867
 7090


